c 8.002348 -2.907751 9.057763 -111.818237 -24.909088
s -0.013330 -0.518804 1.246134 0.200000 1 -0.013330 -0.518804 0.618097 -0.013330 -0.518804 0.618097
s -0.013333 0.518804 1.246140 0.200000 1 -0.013333 0.518804 0.618103 -0.013333 0.518804 0.618103
s -0.000002 0.518801 4.119974 0.200000 1 -0.000002 0.518801 3.491937 -0.000002 0.518801 3.491937
s -0.000001 -0.518800 4.119974 0.200000 1 -0.000001 -0.518800 3.491937 -0.000002 -0.518800 3.491937
s -0.216972 -0.000000 4.867163 0.200000 1 -0.216972 -0.000000 4.239126 -0.216972 -0.000000 4.239126
s -0.372245 1.208260 6.705953 0.200000 1 -0.372245 1.208260 6.077916 -0.372245 1.208260 6.077916
s -0.372245 -1.208260 6.705954 0.200000 1 -0.372245 -1.208260 6.077917 -0.372245 -1.208260 6.077916
s 1.556764 2.546856 6.305216 0.200000 1 -0.068981 3.628772 5.946825 -0.068981 3.628772 5.946825
s 1.403721 -2.699580 6.220314 0.200000 1 -0.153580 -3.598860 5.946825 -0.153580 -3.598860 5.946824
s -0.532223 0.000000 7.141367 0.200000 1 -0.532223 0.000000 6.513330 -0.532223 0.000000 6.513330
s -0.087859 0.500319 8.142187 0.200000 1 -0.087859 0.500319 7.514150 -0.087859 0.500319 7.514150
s -0.087859 -0.500319 8.142187 0.200000 1 -0.087859 -0.500319 7.514150 -0.087859 -0.500319 7.514150
s 0.227238 0.768801 2.957079 0.200000 1 0.227238 0.768801 2.329042 0.227238 0.768801 2.329042
s 0.227238 0.268801 2.957079 0.200000 1 0.227238 0.268801 2.329042 0.227238 0.268801 2.329042
s 0.227240 -0.268801 2.957076 0.200000 1 0.227240 -0.268801 2.329039 0.227240 -0.268801 2.329039
s 0.227240 -0.768801 2.957076 0.200000 1 0.227240 -0.768801 2.329039 0.227240 -0.768801 2.329039
s 0.855064 -2.060872 6.581423 0.200000 1 -0.122233 -2.684280 5.990759 -0.122233 -2.684280 5.990760
s 0.511783 -2.418179 6.648425 0.200000 1 -0.622233 -2.684280 5.990759 -0.622233 -2.684280 5.990760
s 1.008958 2.135057 6.680272 0.200000 1 -0.122237 2.850587 5.990759 -0.122237 2.850587 5.990760
s 0.671098 2.503183 6.661986 0.200000 1 -0.622237 2.850587 5.990759 -0.622237 2.850587 5.990760
t 1 12 13
t 0 14 15
t 14 3 15
t 12 2 13
t 2 4 3
t 4 5 6
t 5 9 6
t 9 10 11
t 7 19 18
t 19 5 18
t 6 17 16
t 17 8 16
d 1 12 1.745762
d 12 2 1.210976
d 2 13 1.210976
d 13 1 1.745763
d 12 13 0.500000
d 14 3 1.210979
d 3 15 1.210979
d 15 0 1.745765
d 0 14 1.745766
d 14 15 0.500000
d 2 4 0.935159
d 4 3 0.935158
d 3 2 1.037601
d 4 5 2.205709
d 5 6 2.416520
d 6 4 2.205709
d 5 9 1.294245
d 9 6 1.294245
d 9 10 1.203919
d 10 11 1.000638
d 11 9 1.203919
d 7 19 0.955821
d 19 5 1.663529
d 5 18 1.663532
d 18 7 0.781242
d 19 18 0.500000
d 6 17 1.499575
d 17 8 1.028602
d 8 16 0.916171
d 16 6 1.499579
d 16 17 0.500000
r 1 2 1.396263 0.196765 -0.187876 0.962282 0.237066 0.961463 0.139242 -0.951359 0.200726 0.233721
r 0 3 1.396263 0.221203 -0.193024 0.955935 0.240601 0.960719 0.138315 -0.945082 0.199403 0.258955
r 11 10 1.396263 0.086506 0.476711 -0.874793 -0.231550 0.863659 0.447747 0.968969 0.163825 0.185095
r 8 9 1.396263 0.030513 -0.590111 0.806746 0.205946 0.793515 0.572643 -0.978087 0.148673 0.145744
m 1.000000 mrfixit.md5mesh
j 0 4 2 4 3 -0.232013 -0.554774 0.798997 -3.507627 0.154707 -0.832001 -0.532766 2.338864 0.960331 0.000002 0.278862 -1.148904
j 5 4 2 3 -1 -0.232013 -0.554774 0.798997 -3.291847 0.154707 -0.832001 -0.532766 2.194983 0.960331 0.000002 0.278862 -1.148904
j 6 5 4 -1 -1 -0.070396 0.547788 0.833650 -4.072785 -0.046093 -0.836617 0.545845 -2.666720 0.996454 0.000000 0.084144 -0.193339
j 8 11 8 -1 -1 0.455621 -0.889148 -0.042712 -2.849119 0.890174 0.455096 0.021862 1.630804 0.000000 -0.047982 0.998848 -6.739970
j 30 7 9 -1 -1 0.369098 0.415575 0.831303 -5.740195 0.168640 -0.909559 0.379820 -2.622681 0.913962 0.000000 -0.405799 3.384390
j 31 7 10 11 9 0.369098 0.415575 0.831303 -6.404194 0.168640 -0.909559 0.379820 -2.926061 0.913962 0.000000 -0.405799 3.384390
j 32 7 11 -1 -1 0.369098 0.415575 0.831303 -6.528274 0.168640 -0.909559 0.379820 -3.532820 0.913962 0.000000 -0.405799 3.384390
j 33 7 10 -1 -1 0.369098 0.415575 0.831303 -6.944114 0.168640 -0.909559 0.379820 -2.622681 0.913962 0.000000 -0.405799 3.384390
j 34 10 6 -1 -1 -0.166706 -0.984292 -0.058122 -0.861573 0.986007 -0.166416 -0.009827 0.231861 -0.000000 -0.058947 0.998261 -6.765517
j 35 11 16 17 -1 0.455621 -0.889148 -0.042712 -1.934422 0.890174 0.455096 0.021862 1.408261 0.000000 -0.047982 0.998848 -6.739970
j 37 9 5 -1 -1 0.150278 -0.987255 0.052393 0.897455 0.988644 0.150067 -0.007964 0.240104 -0.000000 0.052995 0.998595 -6.760561
j 38 8 19 18 -1 -0.578828 -0.814153 0.045965 1.801123 0.815450 -0.577908 0.032627 1.734966 -0.000000 0.056367 0.998410 -6.768951
j 41 8 7 -1 -1 -0.578828 -0.814153 0.045965 2.612237 0.815450 -0.577908 0.032627 1.938828 -0.000000 0.056367 0.998410 -6.768951
j 64 2 3 -1 -1 -0.187651 -0.206444 0.960296 -4.063498 0.039592 -0.978458 -0.202612 0.327131 0.981438 -0.000000 0.191782 -0.790136
j 65 1 14 15 -1 0.137802 0.143205 0.980052 -2.855108 0.019939 -0.989693 0.141810 -0.937329 0.990259 -0.000000 -0.139237 0.186708
j 66 1 0 -1 -1 0.137802 0.143205 0.980052 -1.145144 0.019939 -0.989693 0.141810 -0.689906 0.990259 -0.000000 -0.139237 0.186708
j 69 3 2 -1 -1 -0.187650 -0.206445 0.960296 -3.849289 0.039592 -0.978458 -0.202613 1.342385 0.981438 0.000000 0.191782 -0.790134
j 70 0 12 13 -1 0.137803 0.143202 0.980053 -3.003701 0.019939 -0.989694 0.141807 0.089588 0.990259 0.000000 -0.139238 0.186713
j 71 0 1 -1 -1 0.137803 0.143202 0.980053 -1.293740 0.019939 -0.989694 0.141807 0.337011 0.990259 0.000000 -0.139238 0.186713
